     1. 1	R	700
     2. 2	N	130
     3. 44	Z	700
     4. 46	N	300
     5. 53	Z	800
     6. 54	N	390
     7. 61	R	500
     8. 63	Z	300
     9. 66	N	400
    10. 72	N	300
    11. 76	R	300
    12. 80	R	600
    13. 81	R	310
    14. 85	R	220
    15. 97	N	600
    16. 365	Z	800
    17. 368	Z	800
    18. 379	Z	300
    19. 382	Z	330
    20. 383	N	700
    21. 400	N	400
    22. 409	R	100
    23. 420	N	190
    24. 439	R	300
    25. 446	R	110
    26. 452	R	210
    27. 464	N	220
    28. 465	N	300
    29. 470	Z	500
    30. 479	Z	300
    31. 498	Z	300
